Starting ChaCha20 Debug Repro
RAPass: isWindows=true
RAPass: LiveSpans
  Virt78: [2, 18], [1136, 1148]
  Virt79: [2, 1156]
  Virt74: [4, 18], [1104, 1148]
  Virt67: [2, 1150]
  Virt75: [6, 20], [1106, 1148]
  Virt76: [8, 18], [20, 22], [1108, 1148]
  Virt77: [10, 18], [22, 24], [1110, 1112], [1136, 1150]
  Virt66: [2, 4], [12, 18], [1142, 1148]
  Virt68: [16, 18], [24, 28], [48, 52], [78, 82], [102, 106], [132, 136], [156, 160], [186, 190], [210, 214], [240, 244], [264, 268], [294, 298], [318, 322], [348, 352], [372, 376], [402, 406], [426, 430], [456, 460], [480, 484], [510, 514], [534, 538], [564, 568], [588, 592], [618, 622], [642, 646], [672, 676], [696, 700], [726, 730], [750, 754], [780, 784], [804, 808], [834, 838], [858, 862], [888, 892], [912, 916], [942, 946], [966, 970], [996, 1000], [1020, 1024], [1050, 1054], [1074, 1078], [1104, 1106], [1116, 1118], [1128, 1130]
  Virt69: [18, 20], [24, 26], [38, 44], [46, 50], [62, 68], [70, 74], [78, 80], [92, 98], [100, 104], [116, 122], [124, 128], [132, 134], [146, 152], [154, 158], [170, 176], [178, 182], [186, 188], [200, 206], [208, 212], [224, 230], [232, 236], [240, 242], [254, 260], [262, 266], [278, 284], [286, 290], [294, 296], [308, 314], [316, 320], [332, 338], [340, 344], [348, 350], [362, 368], [370, 374], [386, 392], [394, 398], [402, 404], [416, 422], [424, 428], [440, 446], [448, 452], [456, 458], [470, 476], [478, 482], [494, 500], [502, 506], [510, 512], [524, 530], [532, 536], [548, 554], [556, 560], [564, 566], [578, 584], [586, 590], [602, 608], [610, 614], [618, 620], [632, 638], [640, 644], [656, 662], [664, 668], [672, 674], [686, 692], [694, 698], [710, 716], [718, 722], [726, 728], [740, 746], [748, 752], [764, 770], [772, 776], [780, 782], [794, 800], [802, 806], [818, 824], [826, 830], [834, 836], [848, 854], [856, 860], [872, 878], [880, 884], [888, 890], [902, 908], [910, 914], [926, 932], [934, 938], [942, 944], [956, 962], [964, 968], [980, 986], [988, 992], [996, 998], [1010, 1016], [1018, 1022], [1034, 1040], [1042, 1046], [1050, 1052], [1064, 1070], [1072, 1076], [1088, 1094], [1096, 1100], [1106, 1108], [1118, 1120], [1130, 1132]
  Virt70: [20, 22], [36, 40], [60, 64], [74, 76], [90, 94], [114, 118], [128, 130], [144, 148], [168, 172], [182, 184], [198, 202], [222, 226], [236, 238], [252, 256], [276, 280], [290, 292], [306, 310], [330, 334], [344, 346], [360, 364], [384, 388], [398, 400], [414, 418], [438, 442], [452, 454], [468, 472], [492, 496], [506, 508], [522, 526], [546, 550], [560, 562], [576, 580], [600, 604], [614, 616], [630, 634], [654, 658], [668, 670], [684, 688], [708, 712], [722, 724], [738, 742], [762, 766], [776, 778], [792, 796], [816, 820], [830, 832], [846, 850], [870, 874], [884, 886], [900, 904], [924, 928], [938, 940], [954, 958], [978, 982], [992, 994], [1008, 1012], [1032, 1036], [1046, 1048], [1062, 1066], [1086, 1090], [1100, 1102], [1108, 1110], [1124, 1126], [1132, 1134]
  Virt71: [22, 24], [26, 32], [34, 38], [50, 56], [58, 62], [76, 78], [80, 86], [88, 92], [104, 110], [112, 116], [130, 132], [134, 140], [142, 146], [158, 164], [166, 170], [184, 186], [188, 194], [196, 200], [212, 218], [220, 224], [238, 240], [242, 248], [250, 254], [266, 272], [274, 278], [292, 294], [296, 302], [304, 308], [320, 326], [328, 332], [346, 348], [350, 356], [358, 362], [374, 380], [382, 386], [400, 402], [404, 410], [412, 416], [428, 434], [436, 440], [454, 456], [458, 464], [466, 470], [482, 488], [490, 494], [508, 510], [512, 518], [520, 524], [536, 542], [544, 548], [562, 564], [566, 572], [574, 578], [590, 596], [598, 602], [616, 618], [620, 626], [628, 632], [644, 650], [652, 656], [670, 672], [674, 680], [682, 686], [698, 704], [706, 710], [724, 726], [728, 734], [736, 740], [752, 758], [760, 764], [778, 780], [782, 788], [790, 794], [806, 812], [814, 818], [832, 834], [836, 842], [844, 848], [860, 866], [868, 872], [886, 888], [890, 896], [898, 902], [914, 920], [922, 926], [940, 942], [944, 950], [952, 956], [968, 974], [976, 980], [994, 996], [998, 1004], [1006, 1010], [1022, 1028], [1030, 1034], [1048, 1050], [1052, 1058], [1060, 1064], [1076, 1082], [1084, 1088], [1102, 1104], [1110, 1112], [1126, 1128], [1134, 1136]
  Virt72: [28, 30], [32, 36], [40, 42], [44, 48], [52, 54], [56, 60], [64, 66], [68, 72], [82, 84], [86, 90], [94, 96], [98, 102], [106, 108], [110, 114], [118, 120], [122, 126], [136, 138], [140, 144], [148, 150], [152, 156], [160, 162], [164, 168], [172, 174], [176, 180], [190, 192], [194, 198], [202, 204], [206, 210], [214, 216], [218, 222], [226, 228], [230, 234], [244, 246], [248, 252], [256, 258], [260, 264], [268, 270], [272, 276], [280, 282], [284, 288], [298, 300], [302, 306], [310, 312], [314, 318], [322, 324], [326, 330], [334, 336], [338, 342], [352, 354], [356, 360], [364, 366], [368, 372], [376, 378], [380, 384], [388, 390], [392, 396], [406, 408], [410, 414], [418, 420], [422, 426], [430, 432], [434, 438], [442, 444], [446, 450], [460, 462], [464, 468], [472, 474], [476, 480], [484, 486], [488, 492], [496, 498], [500, 504], [514, 516], [518, 522], [526, 528], [530, 534], [538, 540], [542, 546], [550, 552], [554, 558], [568, 570], [572, 576], [580, 582], [584, 588], [592, 594], [596, 600], [604, 606], [608, 612], [622, 624], [626, 630], [634, 636], [638, 642], [646, 648], [650, 654], [658, 660], [662, 666], [676, 678], [680, 684], [688, 690], [692, 696], [700, 702], [704, 708], [712, 714], [716, 720], [730, 732], [734, 738], [742, 744], [746, 750], [754, 756], [758, 762], [766, 768], [770, 774], [784, 786], [788, 792], [796, 798], [800, 804], [808, 810], [812, 816], [820, 822], [824, 828], [838, 840], [842, 846], [850, 852], [854, 858], [862, 864], [866, 870], [874, 876], [878, 882], [892, 894], [896, 900], [904, 906], [908, 912], [916, 918], [920, 924], [928, 930], [932, 936], [946, 948], [950, 954], [958, 960], [962, 966], [970, 972], [974, 978], [982, 984], [986, 990], [1000, 1002], [1004, 1008], [1012, 1014], [1016, 1020], [1024, 1026], [1028, 1032], [1036, 1038], [1040, 1044], [1054, 1056], [1058, 1062], [1066, 1068], [1070, 1074], [1078, 1080], [1082, 1086], [1090, 1092], [1094, 1098], [1112, 1114], [1116, 1118], [1120, 1122], [1124, 1126]
  Virt65: [2, 18], [1112, 1116], [1120, 1124], [1138, 1148]
  Virt73: [1114, 1116], [1118, 1120], [1122, 1124], [1126, 1128]
  Virt64: [2, 18], [1128, 1136], [1140, 1148]
  Virt80: [1154, 1156]
RAPass: Insert Arg Move Virt64 <- Phys1
RAPass: Insert Arg Move Virt65 <- Phys2
RAPass: Insert Arg Move Virt66 <- Phys8
RAPass: Insert Arg Move Virt67 <- Phys9
Code Bytes: [85, 72, 137, 229, 72, 129, 236, 192, 0, 0, 0, 243, 15, 111, 8, 243, 65, 15, 111, 25, 243, 65, 15, 111, 97, 16, 243, 65, 15, 111, 105, 32, 243, 65, 15, 111, 65, 48, 73, 129, 248, 64, 0, 0, 0, 15, 130, 253, 7, 0, 0, 15, 17, 77, 240, 15, 17, 93, 224, 15, 17, 101, 208, 102, 15, 254, 209, 102, 15, 239, 226, 15, 17, 109, 192, 102, 15, 114, 244, 16, 102, 15, 114, 213, 16, 102, 15, 235, 229, 102, 15, 254, 220, 102, 15, 239, 203, 102, 15, 114, 241, 12, 102, 15, 114, 213, 20, 102, 15, 235, 205, 102, 15, 254, 209, 102, 15, 239, 226, 102, 15, 114, 244, 8, 102, 15, 114, 213, 24, 102, 15, 235, 229, 102, 15, 254, 220, 102, 15, 239, 203, 102, 15, 114, 241, 7, 102, 15, 114, 213, 25, 102, 15, 235, 205, 102, 15, 254, 209, 102, 15, 239, 226, 102, 15, 114, 244, 16, 102, 15, 114, 213, 16, 102, 15, 235, 229, 102, 15, 254, 220, 102, 15, 239, 203, 102, 15, 114, 241, 12, 102, 15, 114, 213, 20, 102, 15, 235, 205, 102, 15, 254, 209, 102, 15, 239, 226, 102, 15, 114, 244, 8, 102, 15, 114, 213, 24, 102, 15, 235, 229, 102, 15, 254, 220, 102, 15, 239, 203, 102, 15, 114, 241, 7, 102, 15, 114, 213, 25, 102, 15, 235, 205, 102, 15, 254, 209, 102, 15, 239, 226, 102, 15, 114, 244, 16, 102, 15, 114, 213, 16, 102, 15, 235, 229, 102, 15, 254, 220, 102, 15, 239, 203, 102, 15, 114, 241, 12, 102, 15, 114, 213, 20, 102, 15, 235, 205, 102, 15, 254, 209, 102, 15, 239, 226, 102, 15, 114, 244, 8, 102, 15, 114, 213, 24, 102, 15, 235, 229, 102, 15, 254, 220, 102, 15, 239, 203, 102, 15, 114, 241, 7, 102, 15, 114, 213, 25, 102, 15, 235, 205, 102, 15, 254, 209, 102, 15, 239, 226, 102, 15, 114, 244, 16, 102, 15, 114, 213, 16, 102, 15, 235, 229, 102, 15, 254, 220, 102, 15, 239, 203, 102, 15, 114, 241, 12, 102, 15, 114, 213, 20, 102, 15, 235, 205, 102, 15, 254, 209, 102, 15, 239, 226, 102, 15, 114, 244, 8, 102, 15, 114, 213, 24, 102, 15, 235, 229, 102, 15, 254, 220, 102, 15, 239, 203, 102, 15, 114, 241, 7, 102, 15, 114, 213, 25, 102, 15, 235, 205, 102, 15, 254, 209, 102, 15, 239, 226, 102, 15, 114, 244, 16, 102, 15, 114, 213, 16, 102, 15, 235, 229, 102, 15, 254, 220, 102, 15, 239, 203, 102, 15, 114, 241, 12, 102, 15, 114, 213, 20, 102, 15, 235, 205, 102, 15, 254, 209, 102, 15, 239, 226, 102, 15, 114, 244, 8, 102, 15, 114, 213, 24, 102, 15, 235, 229, 102, 15, 254, 220, 102, 15, 239, 203, 102, 15, 114, 241, 7, 102, 15, 114, 213, 25, 102, 15, 235, 205, 102, 15, 254, 209, 102, 15, 239, 226, 102, 15, 114, 244, 16, 102, 15, 114, 213, 16, 102, 15, 235, 229, 102, 15, 254, 220, 102, 15, 239, 203, 102, 15, 114, 241, 12, 102, 15, 114, 213, 20, 102, 15, 235, 205, 102, 15, 254, 209, 102, 15, 239, 226, 102, 15, 114, 244, 8, 102, 15, 114, 213, 24, 102, 15, 235, 229, 102, 15, 254, 220, 102, 15, 239, 203, 102, 15, 114, 241, 7, 102, 15, 114, 213, 25, 102, 15, 235, 205, 102, 15, 254, 209, 102, 15, 239, 226, 102, 15, 114, 244, 16, 102, 15, 114, 213, 16, 102, 15, 235, 229, 102, 15, 254, 220, 102, 15, 239, 203, 102, 15, 114, 241, 12, 102, 15, 114, 213, 20, 102, 15, 235, 205, 102, 15, 254, 209, 102, 15, 239, 226, 102, 15, 114, 244, 8, 102, 15, 114, 213, 24, 102, 15, 235, 229, 102, 15, 254, 220, 102, 15, 239, 203, 102, 15, 114, 241, 7, 102, 15, 114, 213, 25, 102, 15, 235, 205, 102, 15, 254, 209, 102, 15, 239, 226, 102, 15, 114, 244, 16, 102, 15, 114, 213, 16, 102, 15, 235, 229, 102, 15, 254, 220, 102, 15, 239, 203, 102, 15, 114, 241, 12, 102, 15, 114, 213, 20, 102, 15, 235, 205, 102, 15, 254, 209, 102, 15, 239, 226, 102, 15, 114, 244, 8, 102, 15, 114, 213, 24, 102, 15, 235, 229, 102, 15, 254, 220, 102, 15, 239, 203, 102, 15, 114, 241, 7, 102, 15, 114, 213, 25, 102, 15, 235, 205, 102, 15, 254, 209, 102, 15, 239, 226, 102, 15, 114, 244, 16, 102, 15, 114, 213, 16, 102, 15, 235, 229, 102, 15, 254, 220, 102, 15, 239, 203, 102, 15, 114, 241, 12, 102, 15, 114, 213, 20, 102, 15, 235, 205, 102, 15, 254, 209, 102, 15, 239, 226, 102, 15, 114, 244, 8, 102, 15, 114, 213, 24, 102, 15, 235, 229, 102, 15, 254, 220, 102, 15, 239, 203, 102, 15, 114, 241, 7, 102, 15, 114, 213, 25, 102, 15, 235, 205, 102, 15, 254, 209, 102, 15, 239, 226, 102, 15, 114, 244, 16, 102, 15, 114, 213, 16, 102, 15, 235, 229, 102, 15, 254, 220, 102, 15, 239, 203, 102, 15, 114, 241, 12, 102, 15, 114, 213, 20, 102, 15, 235, 205, 102, 15, 254, 209, 102, 15, 239, 226, 102, 15, 114, 244, 8, 102, 15, 114, 213, 24, 102, 15, 235, 229, 102, 15, 254, 220, 102, 15, 239, 203, 102, 15, 114, 241, 7, 102, 15, 114, 213, 25, 102, 15, 235, 205, 102, 15, 254, 209, 102, 15, 239, 226, 102, 15, 114, 244, 16, 102, 15, 114, 213, 16, 102, 15, 235, 229, 102, 15, 254, 220, 102, 15, 239, 203, 102, 15, 114, 241, 12, 102, 15, 114, 213, 20, 102, 15, 235, 205, 102, 15, 254, 209, 102, 15, 239, 226, 102, 15, 114, 244, 8, 102, 15, 114, 213, 24, 102, 15, 235, 229, 102, 15, 254, 220, 102, 15, 239, 203, 102, 15, 114, 241, 7, 102, 15, 114, 213, 25, 102, 15, 235, 205, 102, 15, 254, 209, 102, 15, 239, 226, 102, 15, 114, 244, 16, 102, 15, 114, 213, 16, 102, 15, 235, 229, 102, 15, 254, 220, 102, 15, 239, 203, 102, 15, 114, 241, 12, 102, 15, 114, 213, 20, 102, 15, 235, 205, 102, 15, 254, 209, 102, 15, 239, 226, 102, 15, 114, 244, 8, 102, 15, 114, 213, 24, 102, 15, 235, 229, 102, 15, 254, 220, 102, 15, 239, 203, 102, 15, 114, 241, 7, 102, 15, 114, 213, 25, 102, 15, 235, 205, 102, 15, 254, 209, 102, 15, 239, 226, 102, 15, 114, 244, 16, 102, 15, 114, 213, 16, 102, 15, 235, 229, 102, 15, 254, 220, 102, 15, 239, 203, 102, 15, 114, 241, 12, 102, 15, 114, 213, 20, 102, 15, 235, 205, 102, 15, 254, 209, 102, 15, 239, 226, 102, 15, 114, 244, 8, 102, 15, 114, 213, 24, 102, 15, 235, 229, 102, 15, 254, 220, 102, 15, 239, 203, 102, 15, 114, 241, 7, 102, 15, 114, 213, 25, 102, 15, 235, 205, 102, 15, 254, 209, 102, 15, 239, 226, 102, 15, 114, 244, 16, 102, 15, 114, 213, 16, 102, 15, 235, 229, 102, 15, 254, 220, 102, 15, 239, 203, 102, 15, 114, 241, 12, 102, 15, 114, 213, 20, 102, 15, 235, 205, 102, 15, 254, 209, 102, 15, 239, 226, 102, 15, 114, 244, 8, 102, 15, 114, 213, 24, 102, 15, 235, 229, 102, 15, 254, 220, 102, 15, 239, 203, 102, 15, 114, 241, 7, 102, 15, 114, 213, 25, 102, 15, 235, 205, 102, 15, 254, 209, 102, 15, 239, 226, 102, 15, 114, 244, 16, 102, 15, 114, 213, 16, 102, 15, 235, 229, 102, 15, 254, 220, 102, 15, 239, 203, 102, 15, 114, 241, 12, 102, 15, 114, 213, 20, 102, 15, 235, 205, 102, 15, 254, 209, 102, 15, 239, 226, 102, 15, 114, 244, 8, 102, 15, 114, 213, 24, 102, 15, 235, 229, 102, 15, 254, 220, 102, 15, 239, 203, 102, 15, 114, 241, 7, 102, 15, 114, 213, 25, 102, 15, 235, 205, 102, 15, 254, 209, 102, 15, 239, 226, 102, 15, 114, 244, 16, 102, 15, 114, 213, 16, 102, 15, 235, 229, 102, 15, 254, 220, 102, 15, 239, 203, 102, 15, 114, 241, 12, 102, 15, 114, 213, 20, 102, 15, 235, 205, 102, 15, 254, 209, 102, 15, 239, 226, 102, 15, 114, 244, 8, 102, 15, 114, 213, 24, 102, 15, 235, 229, 102, 15, 254, 220, 102, 15, 239, 203, 102, 15, 114, 241, 7, 102, 15, 114, 213, 25, 102, 15, 235, 205, 102, 15, 254, 209, 102, 15, 239, 226, 102, 15, 114, 244, 16, 102, 15, 114, 213, 16, 102, 15, 235, 229, 102, 15, 254, 220, 102, 15, 239, 203, 102, 15, 114, 241, 12, 102, 15, 114, 213, 20, 102, 15, 235, 205, 102, 15, 254, 209, 102, 15, 239, 226, 102, 15, 114, 244, 8, 102, 15, 114, 213, 24, 102, 15, 235, 229, 102, 15, 254, 220, 102, 15, 239, 203, 102, 15, 114, 241, 7, 102, 15, 114, 213, 25, 102, 15, 235, 205, 102, 15, 254, 209, 102, 15, 239, 226, 102, 15, 114, 244, 16, 102, 15, 114, 213, 16, 102, 15, 235, 229, 102, 15, 254, 220, 102, 15, 239, 203, 102, 15, 114, 241, 12, 102, 15, 114, 213, 20, 102, 15, 235, 205, 102, 15, 254, 209, 102, 15, 239, 226, 102, 15, 114, 244, 8, 102, 15, 114, 213, 24, 102, 15, 235, 229, 102, 15, 254, 220, 102, 15, 239, 203, 102, 15, 114, 241, 7, 102, 15, 114, 213, 25, 102, 15, 235, 205, 102, 15, 254, 209, 102, 15, 239, 226, 102, 15, 114, 244, 16, 102, 15, 114, 213, 16, 102, 15, 235, 229, 102, 15, 254, 220, 102, 15, 239, 203, 102, 15, 114, 241, 12, 102, 15, 114, 213, 20, 102, 15, 235, 205, 102, 15, 254, 209, 102, 15, 239, 226, 102, 15, 114, 244, 8, 102, 15, 114, 213, 24, 102, 15, 235, 229, 102, 15, 254, 220, 102, 15, 239, 203, 102, 15, 114, 241, 7, 102, 15, 114, 213, 25, 102, 15, 235, 205, 102, 15, 254, 209, 102, 15, 239, 226, 102, 15, 114, 244, 16, 102, 15, 114, 213, 16, 102, 15, 235, 229, 102, 15, 254, 220, 102, 15, 239, 203, 102, 15, 114, 241, 12, 102, 15, 114, 213, 20, 102, 15, 235, 205, 102, 15, 254, 209, 102, 15, 239, 226, 102, 15, 114, 244, 8, 102, 15, 114, 213, 24, 102, 15, 235, 229, 102, 15, 254, 220, 102, 15, 239, 203, 102, 15, 114, 241, 7, 102, 15, 114, 213, 25, 102, 15, 235, 205, 15, 17, 93, 176, 15, 16, 93, 224, 102, 15, 254, 211, 15, 17, 101, 160, 15, 16, 101, 208, 102, 15, 254, 204, 15, 17, 85, 144, 15, 17, 109, 128, 15, 16, 85, 176, 15, 16, 109, 192, 102, 15, 254, 213, 15, 17, 141, 112, 255, 255, 255, 15, 16, 77, 160, 102, 15, 254, 200, 243, 15, 111, 26, 243, 15, 111, 98, 16, 15, 17, 85, 176, 15, 16, 85, 144, 102, 15, 239, 211, 15, 17, 133, 96, 255, 255, 255, 15, 16, 133, 112, 255, 255, 255, 102, 15, 239, 196, 243, 15, 111, 90, 32, 243, 15, 111, 98, 48, 15, 17, 85, 144, 15, 16, 85, 176, 102, 15, 239, 211, 102, 15, 239, 204, 15, 17, 85, 176, 15, 16, 85, 144, 243, 15, 127, 17, 243, 15, 127, 65, 16, 15, 16, 85, 176, 243, 15, 127, 81, 32, 243, 15, 127, 73, 48, 15, 16, 133, 96, 255, 255, 255, 15, 16, 77, 240, 102, 15, 254, 193, 72, 131, 194, 64, 72, 131, 193, 64, 73, 131, 192, 192, 73, 129, 248, 64, 0, 0, 0, 15, 131, 77, 248, 255, 255, 15, 40, 77, 240, 15, 40, 93, 224, 15, 40, 101, 208, 15, 40, 109, 192, 76, 139, 133, 88, 255, 255, 255, 72, 139, 149, 80, 255, 255, 255, 72, 139, 141, 72, 255, 255, 255, 15, 40, 77, 240, 15, 40, 93, 224, 15, 40, 101, 208, 15, 40, 109, 192, 76, 139, 133, 88, 255, 255, 255, 72, 139, 149, 80, 255, 255, 255, 72, 139, 141, 72, 255, 255, 255, 243, 65, 15, 127, 65, 48, 72, 137, 236, 93, 195, 144, 144, 144, 144, 144, 1, 0, 0, 0, 0, 0, 0, 0, 0, 0, 0, 0, 0, 0, 0, 0, 72, 141, 5, 0, 0, 0, 0]
Output (first 16 bytes):
[0xc2, 0x38, 0x7e, 0xe8, 0xd2, 0xcd, 0x3c, 0xe5, 0xe2, 0x1c, 0x99, 0x1c, 0x9f, 0x71, 0xf7, 0x1b]
